0 0 55718
1 55718 44781
2 100499 34059
3 134558 33595
4 168153 27842
5 195995 24895
6 220890 24706
7 245596 24374
8 269970 24242
9 294212 24047
10 318259 23905
11 342164 23810
12 365974 23026
13 389000 22806
14 411806 22817
15 434623 22543
16 457166 22528
17 479694 21936
18 501630 21952
19 523582 21867
20 545449 21647
21 567096 21602
22 588698 21580
23 610278 21510
24 631788 21482
25 653270 21318
26 674588 21229
27 695817 20984
28 716801 20736
29 737537 20283
30 757820 19116
31 776936 19028
32 795964 18710
33 814674 17708
34 832382 17582
35 849964 17575
36 867539 17530
37 885069 17445
38 902514 17221
39 919735 17211
40 936946 17254
41 954200 17198
42 971398 17070
43 988468 16983
44 1005451 16880
45 1022331 16884
46 1039215 16832
47 1056047 16596
48 1072643 16524
49 1089167 16433
50 1105600 16385
51 1121985 16289
52 1138274 16027
53 1154301 15867
54 1170168 15851
55 1186019 15772
56 1201791 15807
57 1217598 15791
58 1233389 15789
59 1249178 15778
60 1264956 15777
61 1280733 15709
62 1296442 15743
63 1312185 15701
64 1327886 15695
65 1343581 15661
66 1359242 15601
67 1374843 15255
68 1390098 15085
69 1405183 15007
70 1420190 14633
71 1434823 14351
72 1449174 14011
73 1463185 13920
74 1477105 13563
75 1490668 13292
76 1503960 13181
77 1517141 13217
78 1530358 13091
79 1543449 13172
80 1556621 13153
81 1569774 13061
82 1582835 12995
83 1595830 13071
84 1608901 12838
85 1621739 12627
86 1634366 12432
87 1646798 12336
88 1659134 12154
89 1671288 11997
90 1683285 11912
91 1695197 11867
92 1707064 11856
93 1718920 11433
94 1730353 11323
95 1741676 11115
96 1752791 11022
97 1763813 10997
98 1774810 10976
99 1785786 10747
100 1796533 10689
101 1807222 10607
102 1817829 10494
103 1828323 10445
104 1838768 10392
105 1849160 10368
106 1859528 10311
107 1869839 10152
108 1879991 10199
109 1890190 10111
110 1900301 10064
111 1910365 10069
112 1920434 9924
113 1930358 9933
114 1940291 9905
115 1950196 9835
116 1960031 9844
117 1969875 9617
118 1979492 9506
119 1988998 9481
120 1998479 9352
121 2007831 9352
122 2017183 9224
123 2026407 9216
124 2035623 9198
125 2044821 9196
126 2054017 9052
127 2063069 9078
128 2072147 9023
129 2081170 9029
130 2090199 8969
131 2099168 8903
132 2108071 8879
133 2116950 8634
134 2125584 8476
135 2134060 8467
136 2142527 8420
137 2150947 8347
138 2159294 8324
139 2167618 8320
140 2175938 8194
141 2184132 8229
142 2192361 8269
143 2200630 8213
144 2208843 8086
145 2216929 8038
146 2224967 7925
147 2232892 7859
148 2240751 7756
149 2248507 7819
150 2256326 7698
151 2264024 7622
152 2271646 7661
153 2279307 7677
154 2286984 7636
155 2294620 7646
156 2302266 7599
157 2309865 7576
158 2317441 7574
159 2325015 7578
160 2332593 7544
161 2340137 7529
162 2347666 7506
163 2355172 7493
164 2362665 7457
165 2370122 7440
166 2377562 7356
167 2384918 7366
168 2392284 7257
169 2399541 7216
170 2406757 7222
171 2413979 7157
172 2421136 7106
173 2428242 7095
174 2435337 7093
175 2442430 7096
176 2449526 6951
177 2456477 6920
178 2463397 6892
179 2470289 6885
180 2477174 6896
181 2484070 6859
182 2490929 6876
183 2497805 6847
184 2504652 6835
185 2511487 6769
186 2518256 6787
187 2525043 6759
188 2531802 6735
189 2538537 6703
190 2545240 6677
191 2551917 6630
192 2558547 6598
193 2565145 6578
194 2571723 6614
195 2578337 6599
196 2584936 6518
197 2591454 6489
198 2597943 6491
199 2604434 6467
200 2610901 6340
201 2617241 6231
202 2623472 6262
203 2629734 6262
204 2635996 6222
205 2642218 6180
206 2648398 6209
207 2654607 6072
208 2660679 6037
209 2666716 6087
210 2672803 6042
211 2678845 5961
212 2684806 5917
213 2690723 5945
214 2696668 5940
215 2702608 5892
216 2708500 5904
217 2714404 5833
218 2720237 5816
219 2726053 5817
220 2731870 5758
221 2737628 5785
222 2743413 5758
223 2749171 5757
224 2754928 5723
225 2760651 5742
226 2766393 5688
227 2772081 5681
228 2777762 5661
229 2783423 5657
230 2789080 5656
231 2794736 5633
232 2800369 5666
233 2806035 5661
234 2811696 5615
235 2817311 5612
236 2822923 5652
237 2828575 5618
238 2834193 5598
239 2839791 5557
240 2845348 5569
241 2850917 5540
242 2856457 5540
243 2861997 5539
244 2867536 5512
245 2873048 5487
246 2878535 5475
247 2884010 5448
248 2889458 5486
249 2894944 5478
250 2900422 5399
251 2905821 5389
252 2911210 5427
253 2916637 5363
254 2922000 5377
255 2927377 5379
256 2932756 5342
257 2938098 5337
258 2943435 5331
259 2948766 5355
260 2954121 5331
261 2959452 5323
262 2964775 5342
263 2970117 5363
264 2975480 5303
265 2980783 5313
266 2986096 5282
267 2991378 5275
268 2996653 5266
269 3001919 5267
270 3007186 5254
271 3012440 5243
272 3017683 5238
273 3022921 5283
274 3028204 5255
275 3033459 5227
276 3038686 5223
277 3043909 5216
278 3049125 5178
279 3054303 5190
280 3059493 5176
281 3064669 5209
282 3069878 5163
283 3075041 5157
284 3080198 5118
285 3085316 5089
286 3090405 5083
287 3095488 5103
288 3100591 5081
289 3105672 5103
290 3110775 5053
291 3115828 5044
292 3120872 5063
293 3125935 5046
294 3130981 5031
295 3136012 5078
296 3141090 5049
297 3146139 4983
298 3151122 4978
299 3156100 4982
300 3161082 4936
301 3166018 4960
302 3170978 4911
303 3175889 4930
304 3180819 4836
305 3185655 4892
306 3190547 4824
307 3195371 4843
308 3200214 4813
309 3205027 4817
310 3209844 4808
311 3214652 4806
312 3219458 4788
313 3224246 4800
314 3229046 4756
315 3233802 4753
316 3238555 4749
317 3243304 4759
318 3248063 4705
319 3252768 4727
320 3257495 4717
321 3262212 4686
322 3266898 4760
323 3271658 4702
324 3276360 4708
325 3281068 4682
326 3285750 4638
327 3290388 4629
328 3295017 4623
329 3299640 4613
330 3304253 4592
331 3308845 4625
332 3313470 4556
333 3318026 4593
334 3322619 4549
335 3327168 4556
336 3331724 4542
337 3336266 4557
338 3340823 4519
339 3345342 4500
340 3349842 4513
341 3354355 4474
342 3358829 4504
343 3363333 4478
344 3367811 4434
345 3372245 4434
346 3376679 4446
347 3381125 4427
348 3385552 4442
349 3389994 4390
350 3394384 4395
351 3398779 4345
352 3403124 4328
353 3407452 4320
354 3411772 4303
355 3416075 4259
356 3420334 4307
357 3424641 4339
358 3428980 4275
359 3433255 4242
360 3437497 4261
361 3441758 4216
362 3445974 4197
363 3450171 4232
364 3454403 4200
365 3458603 4191
366 3462794 4158
367 3466952 4174
368 3471126 4171
369 3475297 4181
370 3479478 4115
371 3483593 4111
372 3487704 4107
373 3491811 4114
374 3495925 4106
375 3500031 4085
376 3504116 4121
377 3508237 4070
378 3512307 4039
379 3516346 3993
380 3520339 4024
381 3524363 4007
382 3528370 4005
383 3532375 3995
384 3536370 3990
385 3540360 3997
386 3544357 3950
387 3548307 3937
388 3552244 3932
389 3556176 3852
390 3560028 3915
391 3563943 3881
392 3567824 3882
393 3571706 3873
394 3575579 3822
395 3579401 3864
396 3583265 3789
397 3587054 3814
398 3590868 3797
399 3594665 3787
400 3598452 3712
401 3602164 3705
402 3605869 3752
403 3609621 3669
404 3613290 3663
405 3616953 3701
406 3620654 3648
407 3624302 3643
408 3627945 3676
409 3631621 3661
410 3635282 3604
411 3638886 3630
412 3642516 3624
413 3646140 3633
414 3649773 3645
415 3653418 3625
416 3657043 3532
417 3660575 3548
418 3664123 3509
419 3667632 3525
420 3671157 3518
421 3674675 3506
422 3678181 3484
423 3681665 3460
424 3685125 3483
425 3688608 3431
426 3692039 3433
427 3695472 3438
428 3698910 3411
429 3702321 3382
430 3705703 3356
431 3709059 3352
432 3712411 3414
433 3715825 3355
434 3719180 3317
435 3722497 3319
436 3725816 3307
437 3729123 3227
438 3732350 3242
439 3735592 3267
440 3738859 3198
441 3742057 3182
442 3745239 3198
443 3748437 3224
444 3751661 3165
445 3754826 3141
446 3757967 3077
447 3761044 3145
448 3764189 3055
449 3767244 3096
450 3770340 3030
451 3773370 3061
452 3776431 3025
453 3779456 2979
454 3782435 2960
455 3785395 2926
456 3788321 2931
457 3791252 2864
458 3794116 2855
459 3796971 2838
460 3799809 2861
461 3802670 2775
462 3805445 2723
463 3808168 2732
464 3810900 2752
465 3813652 2750
466 3816402 2715
467 3819117 2734
468 3821851 2617
469 3824468 2587
470 3827055 2540
471 3829595 2547
472 3832142 2532
473 3834674 2535
474 3837209 2552
475 3839761 2541
476 3842302 2538
477 3844840 2481
478 3847321 2540
479 3849861 2490
480 3852351 2527
481 3854878 2484
482 3857362 2472
483 3859834 2430
484 3862264 2398
485 3864662 2457
486 3867119 2393
487 3869512 2342
488 3871854 2379
489 3874233 2349
490 3876582 2342
491 3878924 2281
492 3881205 2264
493 3883469 2339
494 3885808 2275
495 3888083 2340
496 3890423 2313
497 3892736 2309
498 3895045 2305
499 3897350 2277
500 3899627 2305
501 3901932 2295
502 3904227 2300
503 3906527 2252
504 3908779 2230
505 3911009 2199
506 3913208 2183
507 3915391 2170
508 3917561 2165
509 3919726 2092
510 3921818 2104
511 3923922 2074
512 3925996 2078
513 3928074 2031
514 3930105 2010
515 3932115 2043
516 3934158 2001
517 3936159 1993
518 3938152 2036
519 3940188 1965
520 3942153 1967
521 3944120 1968
522 3946088 1889
523 3947977 1886
524 3949863 1736
525 3951599 1640
526 3953239 1492
527 3954731 367
528 3955098 307
529 3955405 285
530 3955690 310
531 3956000 287
532 3956287 216
533 3956503 8957
534 3965460 2707
535 3968167 2669
536 3970836 3430
537 3974266 7079
538 3981345 1862
539 3983207 727
540 3983934 5964
541 3989898 3340
542 3993238 2829
543 3996067 2827
544 3998894 4017
545 4002911 2055
546 4004966 3436
547 4008402 7602
548 4016004 3169
549 4019173 8812
550 4027985 2646
551 4030631 2743
552 4033374 2287
553 4035661 5618
554 4041279 549
555 4041828 1580
556 4043408 6539
557 4049947 9205
558 4059152 2340
559 4061492 4318
560 4065810 6391
561 4072201 623
562 4072824 2787
563 4075611 520
564 4076131 18381
565 4094512 8878
566 4103390 1641
567 4105031 6955
568 4111986 3038
569 4115024 9920
570 4124944 2375
571 4127319 10859
572 4138178 11637
573 4149815 1169
574 4150984 9674
575 4160658 8303
576 4168961 10659
577 4179620 1948
578 4181568 936
579 4182504 3164
580 4185668 4497
581 4190165 2774
582 4192939 3801
583 4196740 2965
584 4199705 3594
585 4203299 8811
586 4212110 2556
587 4214666 6692
588 4221358 1939
589 4223297 3716
590 4227013 2047
591 4229060 4702
592 4233762 9646
593 4243408 9647
594 4253055 11545
595 4264600 2169
596 4266769 5802
597 4272571 4806
598 4277377 3034
599 4280411 2267
600 4282678 6504
601 4289182 19279
602 4308461 7021
603 4315482 7698
604 4323180 2537
605 4325717 3720
606 4329437 212
607 4329649 3122
608 4332771 2759
609 4335530 5382
610 4340912 3621
611 4344533 1664
612 4346197 4273
613 4350470 1872
614 4352342 1324
615 4353666 6548
616 4360214 976
617 4361190 4895
618 4366085 8222
619 4374307 5361
620 4379668 5322
621 4384990 4791
622 4389781 6298
623 4396079 2797
624 4398876 5759
625 4404635 2667
626 4407302 1296
627 4408598 1274
628 4409872 1343
629 4411215 7964
630 4419179 1715
631 4420894 2839
632 4423733 1251
633 4424984 1421
634 4426405 5133
635 4431538 3050
636 4434588 1305
637 4435893 1513
638 4437406 1452
639 4438858 932
640 4439790 2784
641 4442574 1503
642 4444077 811
643 4444888 2904
644 4447792 1102
645 4448894 8782
646 4457676 2611
647 4460287 1633
648 4461920 2243
649 4464163 1999
650 4466162 1964
651 4468126 5308
652 4473434 5911
653 4479345 1777
654 4481122 971
655 4482093 22550
656 4504643 1500
657 4506143 6632
658 4512775 6425
659 4519200 9577
660 4528777 1629
661 4530406 3781
662 4534187 2099
663 4536286 6256
664 4542542 1570
665 4544112 2569
666 4546681 2016
667 4548697 3761
668 4552458 951
669 4553409 1216
670 4554625 1935
671 4556560 1441
672 4558001 3820
673 4561821 5727
674 4567548 2249
675 4569797 2911
676 4572708 1827
677 4574535 2669
678 4577204 1571
679 4578775 1776
680 4580551 1713
681 4582264 968
682 4583232 8967
683 4592199 1508
684 4593707 5676
685 4599383 5493
686 4604876 6750
687 4611626 2081
688 4613707 19464
689 4633171 7688
690 4640859 6894
691 4647753 1245
692 4648998 3043
693 4652041 1865
694 4653906 2700
695 4656606 4176
696 4660782 1420
697 4662202 602
698 4662804 6579
699 4669383 2423
700 4671806 1836
701 4673642 3354
702 4676996 1896
703 4678892 5817
704 4684709 2087
705 4686796 1575
706 4688371 3156
707 4691527 4068
708 4695595 2692
709 4698287 2885
710 4701172 1045
711 4702217 1427
712 4703644 5514
713 4709158 1655
714 4710813 3627
715 4714440 2089
716 4716529 13766
717 4730295 6789
718 4737084 1217
719 4738301 1528
720 4739829 365
721 4740194 2207
722 4742401 1750
723 4744151 2954
724 4747105 1228
725 4748333 1968
726 4750301 924
727 4751225 1876
728 4753101 2975
729 4756076 9923
730 4765999 935
731 4766934 2366
732 4769300 2913
733 4772213 3546
734 4775759 6082
735 4781841 2300
736 4784141 30456
737 4814597 1729
738 4816326 857
739 4817183 15321
740 4832504 2304
741 4834808 9306
742 4844114 2483
743 4846597 425
744 4847022 560
745 4847582 234
746 4847816 2007
747 4849823 28640
748 4878463 5414
749 4883877 2551
750 4886428 434
751 4886862 1148
752 4888010 4595
753 4892605 2504
754 4895109 7375
755 4902484 930
756 4903414 3850
757 4907264 2384
758 4909648 4389
759 4914037 1306
760 4915343 3573
761 4918916 2926
762 4921842 5647
763 4927489 5097
764 4932586 5706
765 4938292 19035
766 4957327 1380
767 4958707 1145
768 4959852 3960
769 4963812 2612
770 4966424 7212
771 4973636 1362
772 4974998 7368
773 4982366 3314
774 4985680 228
775 4985908 4403
776 4990311 4873
777 4995184 3127
778 4998311 7917
779 5006228 9335
780 5015563 2316
781 5017879 13704
782 5031583 3800
783 5035383 14076
784 5049459 5420
785 5054879 1782
786 5056661 1522
787 5058183 30304
788 5088487 2789
789 5091276 3930
790 5095206 19687
791 5114893 225
792 5115118 2719
793 5117837 952
794 5118789 1129
795 5119918 15564
796 5135482 6437
797 5141919 13968
798 5155887 741
799 5156628 2774
800 5159402 9043
801 5168445 4052
802 5172497 5717
803 5178214 3253
804 5181467 3319
805 5184786 2107
806 5186893 3399
807 5190292 3558
808 5193850 1414
809 5195264 6585
810 5201849 3576
811 5205425 4969
812 5210394 6930
813 5217324 4654
814 5221978 1618
815 5223596 4630
816 5228226 9789
817 5238015 1746
818 5239761 3498
819 5243259 20056
820 5263315 15547
821 5278862 4097
822 5282959 7393
823 5290352 9618
824 5299970 4149
825 5304119 2298
826 5306417 27029
827 5333446 1911
828 5335357 1791
829 5337148 5391
830 5342539 5481
831 5348020 2512
832 5350532 3429
833 5353961 4781
834 5358742 3744
835 5362486 3397
836 5365883 15505
837 5381388 2117
838 5383505 3614
839 5387119 10174
840 5397293 1687
841 5398980 2056
842 5401036 5885
843 5406921 10977
844 5417898 5073
845 5422971 3873
846 5426844 2216
847 5429060 1279
848 5430339 673
849 5431012 5493
850 5436505 2751
851 5439256 7702
852 5446958 4493
853 5451451 2958
854 5454409 6328
855 5460737 9272
856 5470009 2886
857 5472895 4404
858 5477299 3916
859 5481215 1734
860 5482949 6536
861 5489485 1551
862 5491036 5252
863 5496288 8048
864 5504336 1856
865 5506192 2838
866 5509030 798
867 5509828 1112
868 5510940 2955
869 5513895 4427
870 5518322 9695
871 5528017 2201
872 5530218 3182
873 5533400 4112
874 5537512 2959
875 5540471 7531
876 5548002 1717
877 5549719 2137
878 5551856 2612
879 5554468 1713
880 5556181 1609
881 5557790 10938
882 5568728 7635
883 5576363 3377
884 5579740 3058
885 5582798 1920
886 5584718 5595
887 5590313 20154
888 5610467 1811
889 5612278 8188
890 5620466 3228
891 5623694 493
892 5624187 13934
893 5638121 3677
894 5641798 5120
895 5646918 2351
896 5649269 2183
897 5651452 4235
898 5655687 4670
899 5660357 2756
900 5663113 1972
901 5665085 8788
902 5673873 6292
903 5680165 3791
904 5683956 2535
905 5686491 5428
906 5691919 2647
907 5694566 3785
908 5698351 3026
909 5701377 7432
910 5708809 5091
911 5713900 2764
912 5716664 2371
913 5719035 1993
914 5721028 2860
915 5723888 933
916 5724821 1088
917 5725909 5200
918 5731109 1993
919 5733102 6495
920 5739597 2989
921 5742586 7451
922 5750037 3691
923 5753728 2194
924 5755922 10198
925 5766120 6876
926 5772996 3593
927 5776589 6371
928 5782960 3413
929 5786373 2840
930 5789213 679
931 5789892 1058
932 5790950 2545
933 5793495 3337
934 5796832 7152
935 5803984 2052
936 5806036 1222
937 5807258 1444
938 5808702 5274
939 5813976 1107
940 5815083 1646
941 5816729 6684
942 5823413 1354
943 5824767 11451
944 5836218 6354
945 5842572 4439
946 5847011 5003
947 5852014 832
948 5852846 3202
949 5856048 7348
950 5863396 545
951 5863941 1543
952 5865484 3465
953 5868949 2103
954 5871052 9169
955 5880221 8029
956 5888250 8572
957 5896822 1530
958 5898352 2436
959 5900788 25812
960 5926600 4697
961 5931297 2160
962 5933457 10155
963 5943612 2695
964 5946307 1638
965 5947945 4089
966 5952034 3790
967 5955824 5086
968 5960910 2957
969 5963867 3724
970 5967591 2352
971 5969943 4418
972 5974361 3511
973 5977872 3850
974 5981722 3340
975 5985062 12284
976 5997346 12851
977 6010197 4237
978 6014434 2869
979 6017303 5580
980 6022883 15914
981 6038797 4301
982 6043098 725
983 6043823 1210
984 6045033 3915
985 6048948 4392
986 6053340 2097
987 6055437 13046
988 6068483 6715
989 6075198 8842
990 6084040 7755
991 6091795 10706
992 6102501 222
993 6102723 7013
994 6109736 8956
995 6118692 2350
996 6121042 5117
997 6126159 3756
998 6129915 5149
999 6135064 8412
1000 6143476 9780
1001 6153256 4640
1002 6157896 6380
1003 6164276 9606
1004 6173882 12854
1005 6186736 4699
1006 6191435 10961
1007 6202396 6281
1008 6208677 499
1009 6209176 1764
1010 6210940 3823
1011 6214763 4774
1012 6219537 3717
1013 6223254 10725
1014 6233979 9923
1015 6243902 6857
1016 6250759 6118
1017 6256877 6596
1018 6263473 5814
1019 6269287 4107
1020 6273394 2348
1021 6275742 3106
1022 6278848 3545
1023 6282393 2811
1024 6285204 5258
1025 6290462 1195
1026 6291657 1181
1027 6292838 3133
1028 6295971 7640
1029 6303611 7673
1030 6311284 1208
1031 6312492 6043
1032 6318535 1711
1033 6320246 1762
1034 6322008 4857
1035 6326865 1742
1036 6328607 3376
1037 6331983 1946
1038 6333929 1190
1039 6335119 2660
1040 6337779 689
1041 6338468 2819
1042 6341287 5229
1043 6346516 205
1044 6346721 1675
1045 6348396 3449
1046 6351845 6812
1047 6358657 4464
1048 6363121 9635
1049 6372756 6430
1050 6379186 5755
1051 6384941 2895
1052 6387836 5694
1053 6393530 10462
1054 6403992 4333
1055 6408325 6183
1056 6414508 4657
1057 6419165 2294
1058 6421459 2853
1059 6424312 8924
1060 6433236 1825
1061 6435061 5760
1062 6440821 4067
1063 6444888 4072
1064 6448960 2630
1065 6451590 374
1066 6451964 1875
1067 6453839 7422
1068 6461261 4468
1069 6465729 2448
1070 6468177 1084
1071 6469261 8372
1072 6477633 1476
1073 6479109 2075
1074 6481184 975
1075 6482159 1685
1076 6483844 1644
1077 6485488 933
1078 6486421 2446
1079 6488867 9665
1080 6498532 3978
1081 6502510 7413
1082 6509923 1306
1083 6511229 7975
1084 6519204 9086
1085 6528290 11263
1086 6539553 9236
1087 6548789 16003
1088 6564792 8726
1089 6573518 8418
1090 6581936 7335
1091 6589271 11294
1092 6600565 19513
1093 6620078 13563
1094 6633641 5491
1095 6639132 7864
1096 6646996 4175
1097 6651171 1270
1098 6652441 1130
1099 6653571 1637
1100 6655208 1201
1101 6656409 1681
1102 6658090 837
1103 6658927 884
1104 6659811 3846
1105 6663657 849
1106 6664506 3133
1107 6667639 8173
1108 6675812 2566
1109 6678378 1525
1110 6679903 3180
1111 6683083 1177
1112 6684260 2718
1113 6686978 2370
1114 6689348 1365
1115 6690713 1048
1116 6691761 3691
1117 6695452 3091
1118 6698543 1477
1119 6700020 4953
1120 6704973 5799
1121 6710772 10024
1122 6720796 7726
1123 6728522 255
1124 6728777 327
1125 6729104 377
1126 6729481 231
1127 6729712 299
1128 6730011 255
1129 6730266 345
1130 6730611 5996
1131 6736607 1229
1132 6737836 6520
1133 6744356 10000
1134 6754356 5522
1135 6759878 3055
1136 6762933 1996
1137 6764929 1960
1138 6766889 2323
1139 6769212 1826
1140 6771038 1420
1141 6772458 1500
1142 6773958 1553
1143 6775511 1639
1144 6777150 1322
1145 6778472 2212
1146 6780684 2216
1147 6782900 2339
1148 6785239 2151
1149 6787390 497
1150 6787887 2444
1151 6790331 1249
1152 6791580 3117
1153 6794697 1575
1154 6796272 616
1155 6796888 1060
1156 6797948 5328
1157 6803276 3473
1158 6806749 14614
1159 6821363 1114
1160 6822477 1323
1161 6823800 5253
1162 6829053 2520
1163 6831573 3089
1164 6834662 6892
1165 6841554 6188
1166 6847742 9222
1167 6856964 11619
1168 6868583 2091
1169 6870674 762
1170 6871436 952
1171 6872388 1667
1172 6874055 4145
1173 6878200 3774
1174 6881974 1037
1175 6883011 15075
1176 6898086 6522
1177 6904608 3499
1178 6908107 3510
1179 6911617 1216
1180 6912833 4805
1181 6917638 1645
1182 6919283 499
1183 6919782 7803
1184 6927585 2871
1185 6930456 3641
1186 6934097 2747
1187 6936844 1213
1188 6938057 993
1189 6939050 2139
1190 6941189 365
1191 6941554 1396
1192 6942950 2563
1193 6945513 15285
1194 6960798 3313
1195 6964111 7980
1196 6972091 3692
1197 6975783 3442
1198 6979225 6162
1199 6985387 2568
1200 6987955 3702
1201 6991657 2773
1202 6994430 9379
1203 7003809 2176
1204 7005985 227
1205 7006212 4989
1206 7011201 1414
1207 7012615 1710
1208 7014325 2876
1209 7017201 8175
1210 7025376 7532
1211 7032908 3503
1212 7036411 9757
1213 7046168 1426
1214 7047594 5010
1215 7052604 2169
1216 7054773 1756
1217 7056529 4034
1218 7060563 2337
1219 7062900 2274
1220 7065174 1492
1221 7066666 4297
1222 7070963 1281
1223 7072244 1249
1224 7073493 5378
1225 7078871 1703
1226 7080574 5201
1227 7085775 2540
1228 7088315 3087
1229 7091402 10942
1230 7102344 3802
1231 7106146 1547
1232 7107693 2106
1233 7109799 1871
1234 7111670 8305
1235 7119975 3906
1236 7123881 5766
1237 7129647 10277
1238 7139924 2556
1239 7142480 13753
1240 7156233 4696
1241 7160929 538
1242 7161467 1542
1243 7163009 3097
1244 7166106 9670
1245 7175776 2037
1246 7177813 7049
1247 7184862 2663
1248 7187525 3205
1249 7190730 9538
1250 7200268 3480
1251 7203748 8396
1252 7212144 2155
1253 7214299 1744
1254 7216043 1071
1255 7217114 1472
1256 7218586 1073
1257 7219659 1386
1258 7221045 5700
1259 7226745 986
1260 7227731 1336
1261 7229067 1371
1262 7230438 543
1263 7230981 3869
1264 7234850 4636
1265 7239486 4973
1266 7244459 3260
1267 7247719 2226
1268 7249945 875
1269 7250820 801
1270 7251621 1260
1271 7252881 2893
1272 7255774 1606
1273 7257380 783
1274 7258163 1700
1275 7259863 12994
1276 7272857 569
1277 7273426 1857
1278 7275283 2487
1279 7277770 2338
1280 7280108 2703
1281 7282811 1665
1282 7284476 637
1283 7285113 3622
1284 7288735 1881
1285 7290616 7307
1286 7297923 3349
1287 7301272 1936
1288 7303208 12904
1289 7316112 5268
1290 7321380 4693
1291 7326073 1392
1292 7327465 2490
1293 7329955 2337
1294 7332292 2169
1295 7334461 11755
1296 7346216 1396
1297 7347612 11061
1298 7358673 1185
1299 7359858 4775
1300 7364633 2056
1301 7366689 1310
1302 7367999 917
1303 7368916 7428
1304 7376344 3131
1305 7379475 1910
1306 7381385 30721
1307 7412106 3267
1308 7415373 5911
1309 7421284 3506
1310 7424790 1965
1311 7426755 3103
1312 7429858 4518
1313 7434376 4399
1314 7438775 3743
1315 7442518 3015
1316 7445533 24563
1317 7470096 11320
1318 7481416 16312
1319 7497728 2984
1320 7500712 3803
1321 7504515 3150
1322 7507665 5183
1323 7512848 5574
1324 7518422 4708
1325 7523130 5545
1326 7528675 1887
1327 7530562 3873
1328 7534435 6089
1329 7540524 2472
1330 7542996 4444
1331 7547440 3592
1332 7551032 3921
1333 7554953 3823
1334 7558776 9853
1335 7568629 2708
1336 7571337 947
1337 7572284 4447
1338 7576731 7195
1339 7583926 210
1340 7584136 3222
1341 7587358 2695
1342 7590053 2402
1343 7592455 2621
1344 7595076 981
1345 7596057 4377
1346 7600434 2634
1347 7603068 5015
1348 7608083 2773
1349 7610856 8233
1350 7619089 2776
1351 7621865 6293
1352 7628158 2470
1353 7630628 1243
1354 7631871 17840
1355 7649711 9897
1356 7659608 5040
1357 7664648 1927
1358 7666575 8736
1359 7675311 2686
1360 7677997 5325
1361 7683322 5357
1362 7688679 3697
1363 7692376 4178
1364 7696554 5940
1365 7702494 3037
1366 7705531 5470
1367 7711001 1746
1368 7712747 2629
1369 7715376 4086
1370 7719462 4797
1371 7724259 3320
1372 7727579 5428
1373 7733007 5499
1374 7738506 4280
1375 7742786 2546
1376 7745332 4414
1377 7749746 7408
1378 7757154 235
1379 7757389 4733
1380 7762122 205
1381 7762327 4590
1382 7766917 798
1383 7767715 4182
1384 7771897 2679
1385 7774576 2968
1386 7777544 1262
1387 7778806 1955
1388 7780761 2328
1389 7783089 2740
1390 7785829 2314
1391 7788143 1301
1392 7789444 4709
1393 7794153 5888
1394 7800041 3587
1395 7803628 3140
1396 7806768 4114
1397 7810882 4513
1398 7815395 2783
1399 7818178 3831
1400 7822009 2318
1401 7824327 1743
1402 7826070 2307
1403 7828377 20496
1404 7848873 3320
1405 7852193 2824
1406 7855017 4312
1407 7859329 3536
1408 7862865 12579
1409 7875444 6799
1410 7882243 25801
1411 7908044 11242
1412 7919286 7109
1413 7926395 1565
1414 7927960 5962
1415 7933922 6366
1416 7940288 23605
1417 7963893 1581
1418 7965474 4366
1419 7969840 1600
1420 7971440 3094
1421 7974534 1129
1422 7975663 600
1423 7976263 1580
1424 7977843 1657
1425 7979500 1571
1426 7981071 8837
1427 7989908 7782
1428 7997690 4440
1429 8002130 2943
1430 8005073 5378
1431 8010451 4033
1432 8014484 10517
1433 8025001 5563
1434 8030564 4115
1435 8034679 3165
1436 8037844 3754
1437 8041598 3929
1438 8045527 3321
1439 8048848 3432
1440 8052280 18445
1441 8070725 4798
1442 8075523 614
1443 8076137 3413
1444 8079550 11489
1445 8091039 7891
1446 8098930 19553
1447 8118483 5457
1448 8123940 1244
1449 8125184 2141
1450 8127325 2861
1451 8130186 3674
1452 8133860 19368
1453 8153228 19791
1454 8173019 1797
1455 8174816 2214
1456 8177030 2930
1457 8179960 2856
1458 8182816 1953
1459 8184769 2238
1460 8187007 1851
1461 8188858 2013
1462 8190871 2627
1463 8193498 3344
1464 8196842 2191
1465 8199033 1934
1466 8200967 2109
1467 8203076 4525
1468 8207601 3030
1469 8210631 2475
1470 8213106 2590
1471 8215696 2355
1472 8218051 2396
1473 8220447 225
1474 8220672 3879
1475 8224551 7702
1476 8232253 3960
1477 8236213 12477
1478 8248690 4899
1479 8253589 2546
1480 8256135 3922
1481 8260057 15872
1482 8275929 6314
1483 8282243 2643
1484 8284886 210
1485 8285096 2372
1486 8287468 910
1487 8288378 2817
1488 8291195 13566
1489 8304761 1932
1490 8306693 2803
1491 8309496 1954
1492 8311450 1872
1493 8313322 3464
1494 8316786 3081
1495 8319867 259
1496 8320126 299
1497 8320425 249
1498 8320674 313
1499 8320987 289
1500 8321276 271
1501 8321547 253
1502 8321800 248
1503 8322048 305
1504 8322353 345
1505 8322698 253
1506 8322951 293
1507 8323244 199
1508 8323443 265
1509 8323708 225
1510 8323933 347
1511 8324280 199
1512 8324479 327
1513 8324806 199
1514 8325005 249
1515 8325254 261
1516 8325515 277
1517 8325792 383
1518 8326175 229
1519 8326404 213
1520 8326617 279
1521 8326896 255
1522 8327151 243
1523 8327394 255
1524 8327649 249
1525 8327898 279
1526 8328177 267
1527 8328444 245
1528 8328689 309
1529 8328998 265
1530 8329263 253
1531 8329516 235
1532 8329751 267
1533 8330018 211
1534 8330229 249
1535 8330478 237
1536 8330715 329
1537 8331044 291
1538 8331335 225
1539 8331560 221
1540 8331781 263
1541 8332044 235
1542 8332279 405
1543 8332684 297
1544 8332981 303
1545 8333284 327
1546 8333611 315
1547 8333926 228
1548 8334154 268
1549 8334422 276
1550 8334698 263
1551 8334961 283
1552 8335244 274
1553 8335518 240
1554 8335758 263
1555 8336021 293
1556 8336314 290
1557 8336604 275
1558 8336879 329
1559 8337208 269
1560 8337477 343
1561 8337820 251
1562 8338071 259
1563 8338330 271
1564 8338601 247
1565 8338848 337
1566 8339185 367
1567 8339552 285
1568 8339837 225
1569 8340062 319
1570 8340381 333
1571 8340714 199
1572 8340913 253
1573 8341166 213
1574 8341379 273
1575 8341652 253
1576 8341905 255
1577 8342160 271
1578 8342431 353
1579 8342784 309
1580 8343093 225
1581 8343318 243
1582 8343561 247
1583 8343808 303
1584 8344111 351
1585 8344462 349
1586 8344811 5839
1587 8350650 602
1588 8351252 3321
1589 8354573 1889
1590 8356462 3284
1591 8359746 5120
1592 8364866 2133
1593 8366999 2309
1594 8369308 4224
1595 8373532 4925
1596 8378457 299
1597 8378756 223
1598 8378979 279
1599 8379258 223
1600 8379481 331
1601 8379812 223
1602 8380035 282
1603 8380317 211
1604 8380528 801
1605 8381329 2242
1606 8383571 1787
1607 8385358 939
1608 8386297 1847
1609 8388144 12145
1610 8400289 4443
1611 8404732 6896
1612 8411628 9989
1613 8421617 1124
1614 8422741 253
1615 8422994 3388
1616 8426382 1410
1617 8427792 3524
1618 8431316 4668
1619 8435984 5549
1620 8441533 2587
1621 8444120 3948
1622 8448068 251
1623 8448319 255
1624 8448574 263
1625 8448837 279
1626 8449116 253
1627 8449369 267
1628 8449636 311
1629 8449947 223
1630 8450170 225
1631 8450395 301
1632 8450696 249
1633 8450945 261
1634 8451206 249
1635 8451455 291
1636 8451746 225
1637 8451971 255
1638 8452226 301
1639 8452527 249
1640 8452776 211
1641 8452987 249
1642 8453236 251
1643 8453487 225
1644 8453712 305
1645 8454017 255
1646 8454272 291
1647 8454563 229
1648 8454792 309
1649 8455101 311
1650 8455412 303
1651 8455715 311
1652 8456026 291
1653 8456317 321
1654 8456638 227
1655 8456865 227
1656 8457092 263
1657 8457355 249
1658 8457604 4794
1659 8462398 313
1660 8462711 269
1661 8462980 251
1662 8463231 288
1663 8463519 223
1664 8463742 381
1665 8464123 267
1666 8464390 353
1667 8464743 245
1668 8464988 307
1669 8465295 271
1670 8465566 941
1671 8466507 4548
1672 8471055 7570
1673 8478625 2105
1674 8480730 3724
1675 8484454 4332
1676 8488786 1105
1677 8489891 2233
1678 8492124 2012
1679 8494136 3132
1680 8497268 6335
1681 8503603 987
1682 8504590 6656
1683 8511246 2472
1684 8513718 1151
1685 8514869 804
1686 8515673 6328
1687 8522001 2860
1688 8524861 5094
1689 8529955 9085
1690 8539040 7370
1691 8546410 1829
1692 8548239 5506
1693 8553745 3604
1694 8557349 1513
1695 8558862 13750
1696 8572612 2510
1697 8575122 2261
1698 8577383 3506
1699 8580889 1694
1700 8582583 1144
1701 8583727 2628
1702 8586355 2047
1703 8588402 1917
1704 8590319 4312
1705 8594631 14618
1706 8609249 2144
1707 8611393 6607
1708 8618000 657
1709 8618657 9081
1710 8627738 3725
1711 8631463 4626
1712 8636089 3659
1713 8639748 5691
1714 8645439 1710
1715 8647149 9115
1716 8656264 4006
1717 8660270 1911
1718 8662181 9783
1719 8671964 6506
1720 8678470 2346
1721 8680816 1799
1722 8682615 1726
1723 8684341 7488
1724 8691829 1216
1725 8693045 2242
1726 8695287 2447
1727 8697734 1409
1728 8699143 586
1729 8699729 5019
1730 8704748 6137
1731 8710885 11639
1732 8722524 1221
1733 8723745 957
1734 8724702 1033
1735 8725735 1262
1736 8726997 2198
1737 8729195 2836
1738 8732031 5202
1739 8737233 2450
1740 8739683 3038
1741 8742721 20095
1742 8762816 2852
1743 8765668 1622
1744 8767290 2262
1745 8769552 2533
1746 8772085 3300
1747 8775385 2889
1748 8778274 2233
1749 8780507 5730
1750 8786237 1304
1751 8787541 4428
1752 8791969 708
1753 8792677 2557
1754 8795234 1542
1755 8796776 2088
1756 8798864 4377
1757 8803241 2836
1758 8806077 5447
1759 8811524 5881
1760 8817405 4480
1761 8821885 2771
1762 8824656 2077
1763 8826733 1073
1764 8827806 817
1765 8828623 2654
1766 8831277 5792
1767 8837069 1234
1768 8838303 825
1769 8839128 1276
1770 8840404 2422
1771 8842826 694
1772 8843520 793
1773 8844313 5022
1774 8849335 1313
1775 8850648 5535
1776 8856183 1258
1777 8857441 1974
1778 8859415 2682
1779 8862097 2438
1780 8864535 3556
1781 8868091 1157
1782 8869248 6838
1783 8876086 3187
1784 8879273 2614
1785 8881887 5262
1786 8887149 1935
1787 8889084 2590
1788 8891674 4795
1789 8896469 4748
1790 8901217 4507
1791 8905724 3102
1792 8908826 3543
1793 8912369 1249
1794 8913618 9004
1795 8922622 3531
1796 8926153 2150
1797 8928303 2257
1798 8930560 22100
1799 8952660 857
1800 8953517 400
1801 8953917 1156
1802 8955073 3743
1803 8958816 1028
1804 8959844 7715
1805 8967559 3255
1806 8970814 1570
1807 8972384 1339
1808 8973723 2009
1809 8975732 1318
1810 8977050 3900
1811 8980950 557
1812 8981507 6475
1813 8987982 2458
1814 8990440 1026
1815 8991466 755
1816 8992221 942
1817 8993163 4250
1818 8997413 3692
1819 9001105 1297
1820 9002402 1829
1821 9004231 1170
1822 9005401 1658
1823 9007059 900
1824 9007959 2520
1825 9010479 4406
1826 9014885 3170
1827 9018055 2264
1828 9020319 978
1829 9021297 1994
1830 9023291 915
1831 9024206 1215
1832 9025421 1505
1833 9026926 576
1834 9027502 3987
1835 9031489 1470
1836 9032959 4833
1837 9037792 2504
1838 9040296 4880
1839 9045176 5833
1840 9051009 3549
1841 9054558 3364
1842 9057922 2386
1843 9060308 3515
1844 9063823 2195
1845 9066018 2060
1846 9068078 9209
1847 9077287 5430
1848 9082717 7528
1849 9090245 5456
1850 9095701 1767
1851 9097468 8282
1852 9105750 11967
1853 9117717 6353
1854 9124070 1454
1855 9125524 1879
1856 9127403 997
1857 9128400 5321
1858 9133721 2974
1859 9136695 692
1860 9137387 4212
1861 9141599 837
1862 9142436 6554
1863 9148990 3122
1864 9152112 810
1865 9152922 563
1866 9153485 633
1867 9154118 1000
1868 9155118 732
1869 9155850 1765
1870 9157615 12275
1871 9169890 4339
1872 9174229 11204
1873 9185433 3623
1874 9189056 5009
1875 9194065 1297
1876 9195362 4725
1877 9200087 4237
1878 9204324 3617
1879 9207941 3064
1880 9211005 4115
1881 9215120 8659
1882 9223779 4050
1883 9227829 7546
1884 9235375 38450
1885 9273825 5454
1886 9279279 17886
1887 9297165 6983
1888 9304148 4549
1889 9308697 4406
1890 9313103 1864
1891 9314967 4382
1892 9319349 3675
1893 9323024 6164
1894 9329188 4203
1895 9333391 1117
1896 9334508 746
1897 9335254 8856
1898 9344110 3948
1899 9348058 5305
1900 9353363 1512
1901 9354875 2490
1902 9357365 1099
1903 9358464 1025
1904 9359489 1016
1905 9360505 5339
1906 9365844 10874
1907 9376718 759
1908 9377477 678
1909 9378155 4030
1910 9382185 10102
1911 9392287 4258
1912 9396545 1271
1913 9397816 4023
1914 9401839 19886
1915 9421725 3723
1916 9425448 6347
1917 9431795 4686
1918 9436481 2816
1919 9439297 3489
1920 9442786 3922
1921 9446708 3470
1922 9450178 4285
1923 9454463 11930
1924 9466393 5360
1925 9471753 8233
1926 9479986 7877
1927 9487863 8017
1928 9495880 7324
1929 9503204 1643
1930 9504847 5266
1931 9510113 16463
1932 9526576 4622
1933 9531198 9463
1934 9540661 5323
1935 9545984 4199
1936 9550183 8967
1937 9559150 2783
1938 9561933 10555
1939 9572488 3797
1940 9576285 4742
1941 9581027 5422
1942 9586449 4840
1943 9591289 5260
1944 9596549 6740
1945 9603289 6499
1946 9609788 4693
1947 9614481 4164
1948 9618645 4609
1949 9623254 8419
1950 9631673 5497
1951 9637170 4286
1952 9641456 7458
1953 9648914 7919
1954 9656833 5662
1955 9662495 5372
1956 9667867 4479
1957 9672346 4974
1958 9677320 4332
1959 9681652 4372
1960 9686024 2765
1961 9688789 30938
1962 9719727 3977
1963 9723704 5254
1964 9728958 2860
1965 9731818 1968
1966 9733786 4746
1967 9738532 1241
1968 9739773 2577
1969 9742350 773
1970 9743123 3241
1971 9746364 778
1972 9747142 3714
1973 9750856 6370
1974 9757226 5748
1975 9762974 10747
1976 9773721 1559
1977 9775280 2136
1978 9777416 4323
1979 9781739 6396
1980 9788135 3035
1981 9791170 6109
1982 9797279 1134
1983 9798413 1476
1984 9799889 7366
1985 9807255 4618
1986 9811873 12606
1987 9824479 2410
1988 9826889 1838
1989 9828727 1449
1990 9830176 3124
1991 9833300 1388
1992 9834688 3896
1993 9838584 1107
1994 9839691 6090
1995 9845781 1340
1996 9847121 2371
1997 9849492 1963
1998 9851455 2364
1999 9853819 3481
2000 9857300 215
2001 9857515 986
2002 9858501 7317
2003 9865818 5225
2004 9871043 6585
2005 9877628 4449
2006 9882077 1600
2007 9883677 5473
2008 9889150 12229
2009 9901379 2602
2010 9903981 25947
2011 9929928 3722
2012 9933650 4035
2013 9937685 12442
2014 9950127 3903
2015 9954030 14663
2016 9968693 12285
2017 9980978 3687
2018 9984665 2329
2019 9986994 9096
2020 9996090 1785
2021 9997875 718
2022 9998593 3231
2023 10001824 2850
2024 10004674 5807
2025 10010481 9630
2026 10020111 4055
2027 10024166 1110
2028 10025276 1773
2029 10027049 5500
2030 10032549 6266
2031 10038815 6477
2032 10045292 6721
2033 10052013 1412
2034 10053425 2921
2035 10056346 1756
2036 10058102 3350
2037 10061452 5988
2038 10067440 6756
2039 10074196 6358
2040 10080554 9711
2041 10090265 9740
2042 10100005 1168
2043 10101173 719
2044 10101892 1158
2045 10103050 3808
2046 10106858 668
2047 10107526 5538
2048 10113064 1391
2049 10114455 2792
2050 10117247 8882
2051 10126129 1837
2052 10127966 531
2053 10128497 1543
2054 10130040 2283
2055 10132323 3815
2056 10136138 5929
2057 10142067 1325
2058 10143392 3175
2059 10146567 1235
2060 10147802 1309
2061 10149111 1099
2062 10150210 5543
2063 10155753 925
2064 10156678 4371
2065 10161049 344
2066 10161393 3262
2067 10164655 3597
2068 10168252 1601
2069 10169853 1333
2070 10171186 6402
2071 10177588 4061
2072 10181649 1221
2073 10182870 2950
2074 10185820 2663
2075 10188483 1786
2076 10190269 4111
2077 10194380 12823
2078 10207203 1469
2079 10208672 4036
2080 10212708 3574
2081 10216282 1220
2082 10217502 12865
2083 10230367 4576
2084 10234943 2379
2085 10237322 2435
2086 10239757 667
2087 10240424 1372
2088 10241796 10090
2089 10251886 21769
2090 10273655 879
2091 10274534 3521
2092 10278055 1430
2093 10279485 1075
2094 10280560 5643
2095 10286203 1359
2096 10287562 894
2097 10288456 10828
2098 10299284 1363
2099 10300647 17721
2100 10318368 9481
2101 10327849 2851
2102 10330700 1327
2103 10332027 4606
2104 10336633 5963
2105 10342596 1055
2106 10343651 825
2107 10344476 2309
2108 10346785 8155
2109 10354940 286
2110 10355226 9533
2111 10364759 3646
2112 10368405 2229
2113 10370634 3383
2114 10374017 4732
2115 10378749 1685
2116 10380434 238
2117 10380672 238
2118 10380910 280
2119 10381190 262
2120 10381452 208
2121 10381660 290
2122 10381950 288
2123 10382238 288
2124 10382526 6898
2125 10389424 292
2126 10389716 274
2127 10389990 238
2128 10390228 204
2129 10390432 214
2130 10390646 258
2131 10390904 252
2132 10391156 296
2133 10391452 246
2134 10391698 208
2135 10391906 220
2136 10392126 250
2137 10392376 238
2138 10392614 276
2139 10392890 7027
2140 10399917 1082
2141 10400999 3965
2142 10404964 6873
2143 10411837 1590
2144 10413427 1524
2145 10414951 1459
2146 10416410 2437
2147 10418847 2164
2148 10421011 1741
2149 10422752 1758
2150 10424510 1149
2151 10425659 1630
2152 10427289 799
2153 10428088 3227
2154 10431315 8134
2155 10439449 1471
2156 10440920 1077
2157 10441997 4673
2158 10446670 2416
2159 10449086 1159
2160 10450245 6440
2161 10456685 1776
2162 10458461 7557
2163 10466018 2171
2164 10468189 6382
2165 10474571 3997
2166 10478568 1385
2167 10479953 8337
2168 10488290 1407
2169 10489697 2068
2170 10491765 2018
2171 10493783 7148
2172 10500931 6481
2173 10507412 3707
2174 10511119 2263
2175 10513382 14986
2176 10528368 6431
2177 10534799 1345
2178 10536144 1992
2179 10538136 2954
2180 10541090 2601
2181 10543691 2153
2182 10545844 1605
2183 10547449 757
2184 10548206 3424
2185 10551630 751
2186 10552381 403
2187 10552784 4004
2188 10556788 3941
2189 10560729 3079
2190 10563808 4181
2191 10567989 7624
2192 10575613 5454
2193 10581067 1360
2194 10582427 1189
2195 10583616 945
2196 10584561 1875
2197 10586436 2424
2198 10588860 9061
2199 10597921 1090
2200 10599011 2801
2201 10601812 3462
2202 10605274 1062
2203 10606336 2447
2204 10608783 1569
2205 10610352 6360
2206 10616712 13641
2207 10630353 2113
2208 10632466 12969
2209 10645435 6486
2210 10651921 2894
2211 10654815 5048
2212 10659863 1979
2213 10661842 5513
2214 10667355 6580
2215 10673935 2496
2216 10676431 6438
2217 10682869 3692
2218 10686561 2011
2219 10688572 3233
2220 10691805 2872
2221 10694677 7588
2222 10702265 415
2223 10702680 511
2224 10703191 11277
2225 10714468 4508
2226 10718976 3693
2227 10722669 9043
2228 10731712 1786
2229 10733498 1894
2230 10735392 2645
2231 10738037 9107
2232 10747144 3568
2233 10750712 6175
2234 10756887 3386
2235 10760273 2973
2236 10763246 7899
2237 10771145 1751
2238 10772896 2218
2239 10775114 1664
2240 10776778 980
2241 10777758 2405
2242 10780163 1684
2243 10781847 7404
2244 10789251 3160
2245 10792411 1692
2246 10794103 1428
2247 10795531 7705
2248 10803236 2009
2249 10805245 2131
2250 10807376 1801
2251 10809177 1703
2252 10810880 2094
2253 10812974 1174
2254 10814148 8495
2255 10822643 4232
2256 10826875 2320
2257 10829195 2515
2258 10831710 8117
2259 10839827 2487
2260 10842314 932
2261 10843246 863
2262 10844109 1659
2263 10845768 2255
2264 10848023 7303
2265 10855326 1657
2266 10856983 4785
2267 10861768 2473
2268 10864241 3642
2269 10867883 2709
2270 10870592 6979
2271 10877571 278
2272 10877849 3039
2273 10880888 4621
2274 10885509 2539
2275 10888048 2901
2276 10890949 1922
2277 10892871 1291
2278 10894162 4754
2279 10898916 1651
2280 10900567 1008
2281 10901575 1619
2282 10903194 1817
2283 10905011 4626
2284 10909637 1690
2285 10911327 2702
2286 10914029 2058
2287 10916087 3671
2288 10919758 3599
2289 10923357 4820
2290 10928177 2714
2291 10930891 2095
2292 10932986 3147
2293 10936133 818
2294 10936951 3164
2295 10940115 2389
2296 10942504 2678
2297 10945182 3404
2298 10948586 2566
2299 10951152 4045
2300 10955197 1600
2301 10956797 1878
2302 10958675 4452
2303 10963127 1439
2304 10964566 4441
2305 10969007 3898
2306 10972905 5697
2307 10978602 6681
2308 10985283 4547
2309 10989830 1817
2310 10991647 2865
2311 10994512 6460
2312 11000972 2555
2313 11003527 3464
2314 11006991 827
2315 11007818 6773
2316 11014591 3590
2317 11018181 2689
2318 11020870 1020
2319 11021890 1046
2320 11022936 1102
2321 11024038 2165
2322 11026203 1948
2323 11028151 6223
2324 11034374 641
2325 11035015 2723
2326 11037738 3097
2327 11040835 1274
2328 11042109 2305
2329 11044414 1123
2330 11045537 3496
2331 11049033 4128
2332 11053161 4314
2333 11057475 6304
2334 11063779 3771
2335 11067550 716
2336 11068266 4293
2337 11072559 4097
2338 11076656 553
2339 11077209 1003
2340 11078212 1491
2341 11079703 6356
2342 11086059 4831
2343 11090890 5627
2344 11096517 1723
2345 11098240 5377
2346 11103617 1708
2347 11105325 1715
2348 11107040 6801
2349 11113841 2801
2350 11116642 1513
2351 11118155 2083
2352 11120238 2591
2353 11122829 2594
2354 11125423 3791
2355 11129214 3472
2356 11132686 3276
2357 11135962 1215
2358 11137177 1791
2359 11138968 4532
2360 11143500 1088
2361 11144588 4235
2362 11148823 1838
2363 11150661 2160
2364 11152821 296
2365 11153117 4970
2366 11158087 2596
2367 11160683 2614
2368 11163297 374
2369 11163671 1540
2370 11165211 3985
2371 11169196 10510
2372 11179706 768
2373 11180474 9132
2374 11189606 6830
2375 11196436 2221
2376 11198657 2537
2377 11201194 2407
2378 11203601 1351
2379 11204952 2962
2380 11207914 10176
2381 11218090 1293
2382 11219383 1139
2383 11220522 1141
2384 11221663 473
2385 11222136 10788
2386 11232924 1852
2387 11234776 3380
2388 11238156 3359
2389 11241515 3599
2390 11245114 9709
2391 11254823 2201
2392 11257024 1128
2393 11258152 797
2394 11258949 1059
2395 11260008 1849
2396 11261857 8514
2397 11270371 1806
2398 11272177 2696
2399 11274873 2105
2400 11276978 3120
2401 11280098 1614
2402 11281712 8526
2403 11290238 3515
2404 11293753 3402
2405 11297155 1377
2406 11298532 7927
2407 11306459 8211
2408 11314670 8648
2409 11323318 5697
2410 11329015 7430
2411 11336445 7069
2412 11343514 1499
2413 11345013 6435
2414 11351448 9029
2415 11360477 3875
2416 11364352 4604
2417 11368956 2738
2418 11371694 2402
2419 11374096 3866
2420 11377962 4820
2421 11382782 4273
2422 11387055 3258
2423 11390313 7063
2424 11397376 8586
2425 11405962 8499
2426 11414461 2807
2427 11417268 282
2428 11417550 286
2429 11417836 278
2430 11418114 208
2431 11418322 264
2432 11418586 292
2433 11418878 252
2434 11419130 288
2435 11419418 236
2436 11419654 276
2437 11419930 286
2438 11420216 280
2439 11420496 294
2440 11420790 246
2441 11421036 300
2442 11421336 626
2443 11421962 288
2444 11422250 292
2445 11422542 280
2446 11422822 276
2447 11423098 266
2448 11423364 250
2449 11423614 220
2450 11423834 288
2451 11424122 274
2452 11424396 226
2453 11424622 196
2454 11424818 3351
2455 11428169 3702
2456 11431871 6368
2457 11438239 3684
2458 11441923 6508
2459 11448431 2516
2460 11450947 3875
2461 11454822 3810
2462 11458632 1856
2463 11460488 3395
2464 11463883 5063
2465 11468946 2237
2466 11471183 1360
2467 11472543 4004
2468 11476547 975
2469 11477522 3495
2470 11481017 3309
2471 11484326 7901
2472 11492227 3285
2473 11495512 2473
2474 11497985 983
2475 11498968 1258
2476 11500226 8075
2477 11508301 7021
2478 11515322 4492
2479 11519814 7306
2480 11527120 1004
2481 11528124 3338
2482 11531462 9079
2483 11540541 2156
2484 11542697 6304
2485 11549001 6295
2486 11555296 4200
2487 11559496 8146
2488 11567642 8347
2489 11575989 5418
2490 11581407 2411
2491 11583818 7608
2492 11591426 6646
2493 11598072 3454
2494 11601526 2909
2495 11604435 1069
2496 11605504 3063
2497 11608567 10598
2498 11619165 7573
2499 11626738 7626
2500 11634364 6208
2501 11640572 2972
2502 11643544 8037
2503 11651581 6951
2504 11658532 4065
2505 11662597 9589
2506 11672186 9640
2507 11681826 2715
2508 11684541 3803
2509 11688344 5700
2510 11694044 14792
2511 11708836 3054
2512 11711890 4465
2513 11716355 2999
2514 11719354 1533
2515 11720887 1728
2516 11722615 5196
2517 11727811 2600
2518 11730411 5622
2519 11736033 1688
2520 11737721 1298
2521 11739019 2977
2522 11741996 1615
2523 11743611 2803
2524 11746414 874
2525 11747288 1621
2526 11748909 4009
2527 11752918 3250
2528 11756168 2204
2529 11758372 3371
2530 11761743 2726
2531 11764469 1421
2532 11765890 1384
2533 11767274 898
2534 11768172 2179
2535 11770351 1641
2536 11771992 1104
2537 11773096 3338
2538 11776434 3215
2539 11779649 3780
2540 11783429 1762
2541 11785191 4886
2542 11790077 3878
2543 11793955 1300
2544 11795255 1662
2545 11796917 1743
2546 11798660 2422
2547 11801082 1690
2548 11802772 1594
2549 11804366 2651
2550 11807017 3222
2551 11810239 4676
2552 11814915 1796
2553 11816711 1506
2554 11818217 2066
2555 11820283 1540
2556 11821823 1812
2557 11823635 1781
2558 11825416 1919
2559 11827335 1623
2560 11828958 872
2561 11829830 2730
2562 11832560 1887
2563 11834447 6167
2564 11840614 2735
2565 11843349 1416
2566 11844765 1218
2567 11845983 2700
2568 11848683 1469
2569 11850152 2329
2570 11852481 1480
2571 11853961 1352
2572 11855313 4635
2573 11859948 5792
2574 11865740 7778
2575 11873518 4951
2576 11878469 919
2577 11879388 1285
2578 11880673 2045
2579 11882718 4077
2580 11886795 3506
2581 11890301 612
2582 11890913 4071
2583 11894984 2916
2584 11897900 2865
2585 11900765 3517
2586 11904282 5612
2587 11909894 5923
2588 11915817 5106
2589 11920923 9180
2590 11930103 9418
2591 11939521 5560
2592 11945081 2035
2593 11947116 7367
2594 11954483 2620
2595 11957103 8366
2596 11965469 1320
2597 11966789 1896
2598 11968685 2155
2599 11970840 1799
2600 11972639 983
2601 11973622 1284
2602 11974906 999
2603 11975905 1170
2604 11977075 5094
2605 11982169 2295
2606 11984464 1869
2607 11986333 1143
2608 11987476 1306
2609 11988782 1252
2610 11990034 4197
2611 11994231 1520
2612 11995751 2703
2613 11998454 1262
2614 11999716 1113
2615 12000829 1848
2616 12002677 5013
2617 12007690 2352
2618 12010042 3768
2619 12013810 1651
2620 12015461 2713
2621 12018174 2694
2622 12020868 526
2623 12021394 4162
2624 12025556 6084
2625 12031640 1750
2626 12033390 3605
2627 12036995 2467
2628 12039462 1547
2629 12041009 806
2630 12041815 5817
2631 12047632 1246
2632 12048878 6027
2633 12054905 886
2634 12055791 1630
2635 12057421 885
2636 12058306 3286
2637 12061592 6429
2638 12068021 838
2639 12068859 3432
2640 12072291 4037
2641 12076328 1259
2642 12077587 1093
2643 12078680 1814
2644 12080494 2324
2645 12082818 2509
2646 12085327 2508
2647 12087835 1760
2648 12089595 1391
2649 12090986 2922
2650 12093908 2449
2651 12096357 1580
2652 12097937 1873
2653 12099810 1093
2654 12100903 963
2655 12101866 3376
2656 12105242 1970
2657 12107212 1941
2658 12109153 2236
2659 12111389 2635
2660 12114024 2715
2661 12116739 1259
2662 12117998 1115
2663 12119113 990
2664 12120103 1005
2665 12121108 2369
2666 12123477 1753
2667 12125230 1162
2668 12126392 912
2669 12127304 1143
2670 12128447 1367
2671 12129814 1008
2672 12130822 1959
2673 12132781 1966
2674 12134747 1285
2675 12136032 2752
2676 12138784 2828
2677 12141612 3009
2678 12144621 1072
2679 12145693 3625
2680 12149318 2555
2681 12151873 4306
2682 12156179 3342
2683 12159521 5893
2684 12165414 3311
2685 12168725 932
2686 12169657 2339
2687 12171996 4639
2688 12176635 1513
2689 12178148 4251
2690 12182399 3570
2691 12185969 916
2692 12186885 4092
2693 12190977 3526
2694 12194503 1233
2695 12195736 2407
2696 12198143 2666
2697 12200809 2152
2698 12202961 1014
2699 12203975 5451
2700 12209426 1983
2701 12211409 2576
2702 12213985 1868
2703 12215853 1182
2704 12217035 1189
2705 12218224 6970
2706 12225194 3768
2707 12228962 1034
2708 12229996 2484
2709 12232480 2243
2710 12234723 3234
2711 12237957 2599
2712 12240556 29948
2713 12270504 1108
2714 12271612 1758
2715 12273370 5109
2716 12278479 2550
2717 12281029 3136
2718 12284165 1806
2719 12285971 3209
2720 12289180 529
2721 12289709 1117
2722 12290826 822
2723 12291648 2580
2724 12294228 1069
2725 12295297 2292
2726 12297589 1874
2727 12299463 1436
2728 12300899 736
2729 12301635 1689
2730 12303324 3100
2731 12306424 1578
2732 12308002 2298
2733 12310300 2401
2734 12312701 2261
2735 12314962 1079
2736 12316041 2532
2737 12318573 1438
2738 12320011 4198
2739 12324209 2121
2740 12326330 1802
2741 12328132 549
2742 12328681 842
2743 12329523 6233
2744 12335756 1717
2745 12337473 1997
2746 12339470 2077
2747 12341547 2616
2748 12344163 2041
2749 12346204 1508
2750 12347712 1396
2751 12349108 1301
2752 12350409 2503
2753 12352912 1984
2754 12354896 3131
2755 12358027 2466
2756 12360493 7802
2757 12368295 2679
2758 12370974 2030
2759 12373004 1309
2760 12374313 4261
2761 12378574 4381
2762 12382955 3850
2763 12386805 6903
2764 12393708 3620
2765 12397328 4640
2766 12401968 5282
2767 12407250 4459
2768 12411709 3435
2769 12415144 4137
2770 12419281 1155
2771 12420436 7963
2772 12428399 4587
2773 12432986 3091
2774 12436077 4967
2775 12441044 13688
2776 12454732 989
2777 12455721 14518
2778 12470239 1867
2779 12472106 1600
2780 12473706 1084
2781 12474790 1494
2782 12476284 1771
2783 12478055 6091
2784 12484146 2995
2785 12487141 4405
2786 12491546 2399
2787 12493945 1967
2788 12495912 2857
2789 12498769 5416
2790 12504185 15393
2791 12519578 7252
2792 12526830 3368
2793 12530198 3247
2794 12533445 2553
2795 12535998 2961
2796 12538959 1355
2797 12540314 2310
2798 12542624 5180
2799 12547804 1624
2800 12549428 22927
2801 12572355 4948
2802 12577303 8600
2803 12585903 4813
2804 12590716 3936
2805 12594652 537
2806 12595189 4696
2807 12599885 4410
2808 12604295 3830
2809 12608125 5841
2810 12613966 7233
2811 12621199 6485
2812 12627684 2589
2813 12630273 3376
2814 12633649 983
2815 12634632 5261
2816 12639893 18597
2817 12658490 2599
2818 12661089 8493
2819 12669582 1662
2820 12671244 2410
2821 12673654 7152
2822 12680806 3355
2823 12684161 11024
2824 12695185 2891
2825 12698076 3527
2826 12701603 3238
2827 12704841 4852
2828 12709693 7281
2829 12716974 6919
2830 12723893 5134
2831 12729027 4390
2832 12733417 4102
2833 12737519 5580
2834 12743099 7814
2835 12750913 2362
2836 12753275 2143
2837 12755418 2966
2838 12758384 2960
2839 12761344 4630
2840 12765974 5445
2841 12771419 3184
2842 12774603 4104
2843 12778707 5470
2844 12784177 4698
2845 12788875 2396
2846 12791271 2506
2847 12793777 2744
2848 12796521 2984
2849 12799505 8278
2850 12807783 1244
2851 12809027 786
2852 12809813 219
2853 12810032 4164
2854 12814196 3360
2855 12817556 1560
2856 12819116 9965
2857 12829081 3084
2858 12832165 8771
2859 12840936 3949
2860 12844885 5338
2861 12850223 3024
2862 12853247 3825
2863 12857072 3304
2864 12860376 3053
2865 12863429 1937
2866 12865366 3212
2867 12868578 225
2868 12868803 1956
2869 12870759 3282
2870 12874041 10089
2871 12884130 2065
2872 12886195 3838
2873 12890033 3462
2874 12893495 4232
2875 12897727 1531
2876 12899258 1472
2877 12900730 2367
2878 12903097 1964
2879 12905061 3116
2880 12908177 2775
2881 12910952 1933
2882 12912885 2402
2883 12915287 4572
2884 12919859 2037
2885 12921896 1213
2886 12923109 1233
2887 12924342 5301
2888 12929643 2795
2889 12932438 4028
2890 12936466 1150
2891 12937616 2036
2892 12939652 1351
2893 12941003 2906
2894 12943909 1598
2895 12945507 484
2896 12945991 751
2897 12946742 546
2898 12947288 875
2899 12948163 686
2900 12948849 547
2901 12949396 479
2902 12949875 1355
2903 12951230 3538
2904 12954768 3747
2905 12958515 526
2906 12959041 2099
2907 12961140 1352
2908 12962492 3410
2909 12965902 6264
2910 12972166 3360
2911 12975526 10422
2912 12985948 7197
2913 12993145 3372
2914 12996517 6508
2915 13003025 4385
2916 13007410 4674
2917 13012084 3006
2918 13015090 1321
2919 13016411 3080
2920 13019491 1969
2921 13021460 1682
2922 13023142 1728
2923 13024870 2077
2924 13026947 2142
2925 13029089 996
2926 13030085 1906
2927 13031991 3970
2928 13035961 2205
2929 13038166 5405
2930 13043571 1757
2931 13045328 1903
2932 13047231 2557
2933 13049788 2207
2934 13051995 2392
2935 13054387 2199
2936 13056586 1806
2937 13058392 2114
2938 13060506 3175
2939 13063681 2123
2940 13065804 10206
2941 13076010 1026
2942 13077036 1355
2943 13078391 5182
2944 13083573 2545
2945 13086118 6667
2946 13092785 7838
2947 13100623 1430
2948 13102053 1784
2949 13103837 2258
2950 13106095 3420
2951 13109515 1898
2952 13111413 1513
2953 13112926 5955
2954 13118881 2088
2955 13120969 1469
2956 13122438 1119
2957 13123557 3190
2958 13126747 6321
2959 13133068 1972
2960 13135040 2404
2961 13137444 2621
2962 13140065 2625
2963 13142690 3615
2964 13146305 1389
2965 13147694 8508
2966 13156202 3922
2967 13160124 3086
2968 13163210 5320
2969 13168530 3055
2970 13171585 7138
2971 13178723 1196
2972 13179919 2815
2973 13182734 2590
2974 13185324 1956
2975 13187280 2331
2976 13189611 538
2977 13190149 5883
2978 13196032 531
2979 13196563 2087
2980 13198650 6639
2981 13205289 5894
2982 13211183 2532
2983 13213715 7789
2984 13221504 8953
2985 13230457 3628
2986 13234085 3905
2987 13237990 3046
2988 13241036 8962
2989 13249998 4052
2990 13254050 3399
2991 13257449 3650
2992 13261099 1467
2993 13262566 4488
2994 13267054 1034
2995 13268088 1788
2996 13269876 5608
2997 13275484 2107
2998 13277591 3284
2999 13280875 2094
3000 13282969 4840
3001 13287809 10156
3002 13297965 601
3003 13298566 3178
3004 13301744 3467
3005 13305211 3777
3006 13308988 9870
3007 13318858 1645
3008 13320503 3137
3009 13323640 1808
3010 13325448 3676
3011 13329124 1996
3012 13331120 4408
3013 13335528 1378
3014 13336906 9467
3015 13346373 4590
3016 13350963 2595
3017 13353558 3589
3018 13357147 1793
3019 13358940 1497
3020 13360437 1519
3021 13361956 4730
3022 13366686 2905
3023 13369591 8573
3024 13378164 1505
3025 13379669 1749
3026 13381418 1813
3027 13383231 2193
3028 13385424 1815
3029 13387239 7666
3030 13394905 18318
3031 13413223 3872
3032 13417095 4404
3033 13421499 3351
3034 13424850 3560
3035 13428410 10452
3036 13438862 4076
3037 13442938 1230
3038 13444168 893
3039 13445061 1310
3040 13446371 972
3041 13447343 1980
3042 13449323 4439
3043 13453762 1643
3044 13455405 6249
3045 13461654 7651
3046 13469305 2826
3047 13472131 4010
3048 13476141 2674
3049 13478815 4772
3050 13483587 8759
3051 13492346 4960
3052 13497306 7988
3053 13505294 4798
3054 13510092 4568
3055 13514660 15866
3056 13530526 5945
3057 13536471 2266
3058 13538737 2630
3059 13541367 5415
3060 13546782 3934
3061 13550716 13783
3062 13564499 3838
3063 13568337 1849
3064 13570186 3639
3065 13573825 6606
3066 13580431 2961
3067 13583392 571
3068 13583963 4702
3069 13588665 3680
3070 13592345 2722
3071 13595067 4749
3072 13599816 2170
3073 13601986 752
3074 13602738 6599
3075 13609337 8177
3076 13617514 3673
3077 13621187 4996
3078 13626183 3470
3079 13629653 1888
3080 13631541 1003
3081 13632544 1422
3082 13633966 1169
3083 13635135 2110
3084 13637245 5477
3085 13642722 3418
3086 13646140 474
3087 13646614 2172
3088 13648786 3930
3089 13652716 3619
3090 13656335 2914
3091 13659249 3583
3092 13662832 2700
3093 13665532 6565
3094 13672097 9426
3095 13681523 8437
3096 13689960 10530
3097 13700490 9697
3098 13710187 10279
3099 13720466 7961
3100 13728427 2892
3101 13731319 6247
3102 13737566 7496
3103 13745062 3554
3104 13748616 3993
3105 13752609 2362
3106 13754971 1549
3107 13756520 1666
3108 13758186 3155
3109 13761341 3517
3110 13764858 7603
3111 13772461 6345
3112 13778806 5940
3113 13784746 3576
3114 13788322 4597
3115 13792919 6428
3116 13799347 1266
3117 13800613 8089
3118 13808702 11553
3119 13820255 2051
3120 13822306 3611
3121 13825917 5173
3122 13831090 5338
3123 13836428 5166
3124 13841594 6344
3125 13847938 1037
3126 13848975 7202
3127 13856177 2947
3128 13859124 9539
3129 13868663 4223
3130 13872886 3487
3131 13876373 2889
3132 13879262 1586
3133 13880848 2925
3134 13883773 3405
3135 13887178 1776
3136 13888954 5558
3137 13894512 9064
3138 13903576 191
3139 13903767 2297
3140 13906064 8424
3141 13914488 6802
3142 13921290 6464
3143 13927754 3693
3144 13931447 3386
3145 13934833 1846
3146 13936679 4111
3147 13940790 1612
3148 13942402 7298
3149 13949700 2758
3150 13952458 10143
3151 13962601 4296
3152 13966897 5808
3153 13972705 818
3154 13973523 3760
3155 13977283 1979
3156 13979262 5145
3157 13984407 7838
3158 13992245 11021
3159 14003266 3424
3160 14006690 7281
3161 14013971 3702
3162 14017673 492
3163 14018165 3893
3164 14022058 763
3165 14022821 885
3166 14023706 5580
3167 14029286 1498
3168 14030784 2152
3169 14032936 2632
3170 14035568 4381
3171 14039949 11607
3172 14051556 5155
3173 14056711 6644
3174 14063355 4809
3175 14068164 962
3176 14069126 4170
3177 14073296 3661
3178 14076957 3446
3179 14080403 4315
3180 14084718 4908
3181 14089626 4561
3182 14094187 7989
3183 14102176 2249
3184 14104425 5541
3185 14109966 10010
3186 14119976 6535
3187 14126511 4793
3188 14131304 2171
3189 14133475 2147
3190 14135622 1497
3191 14137119 3317
3192 14140436 4599
3193 14145035 4138
3194 14149173 6239
3195 14155412 8581
3196 14163993 1857
3197 14165850 5784
3198 14171634 7278
3199 14178912 1277
3200 14180189 1656
3201 14181845 4234
3202 14186079 19814
3203 14205893 4834
3204 14210727 3341
3205 14214068 4809
3206 14218877 3327
3207 14222204 3275
3208 14225479 3659
3209 14229138 5681
3210 14234819 2565
3211 14237384 8583
3212 14245967 7418
3213 14253385 2432
3214 14255817 1476
3215 14257293 1121
3216 14258414 2689
3217 14261103 2597
3218 14263700 2268
3219 14265968 3079
3220 14269047 2085
3221 14271132 3003
3222 14274135 6971
3223 14281106 6377
3224 14287483 6885
3225 14294368 6770
3226 14301138 3960
3227 14305098 8129
3228 14313227 7802
3229 14321029 3132
3230 14324161 3562
3231 14327723 5077
3232 14332800 3301
3233 14336101 3650
3234 14339751 3742
3235 14343493 3492
3236 14346985 2748
3237 14349733 3244
3238 14352977 3658
3239 14356635 3101
3240 14359736 1815
3241 14361551 18951
3242 14380502 4516
3243 14385018 3787
3244 14388805 3627
3245 14392432 4341
3246 14396773 1250
3247 14398023 944
3248 14398967 2960
3249 14401927 4083
3250 14406010 3537
3251 14409547 3540
3252 14413087 2624
3253 14415711 2408
3254 14418119 3431
3255 14421550 5507
3256 14427057 2020
3257 14429077 4165
3258 14433242 2729
3259 14435971 3772
3260 14439743 1755
3261 14441498 1552
3262 14443050 1555
3263 14444605 1633
3264 14446238 3663
3265 14449901 2748
3266 14452649 3975
3267 14456624 2394
3268 14459018 1875
3269 14460893 2602
3270 14463495 2385
3271 14465880 2547
3272 14468427 23248
3273 14491675 3221
3274 14494896 3623
3275 14498519 6331
3276 14504850 3100
3277 14507950 3308
3278 14511258 3421
3279 14514679 5248
3280 14519927 1623
3281 14521550 2600
3282 14524150 3430
3283 14527580 7833
3284 14535413 2993
3285 14538406 1631
3286 14540037 3041
3287 14543078 3452
3288 14546530 1870
3289 14548400 1543
3290 14549943 4787
3291 14554730 1760
3292 14556490 1534
3293 14558024 2480
3294 14560504 3631
3295 14564135 2079
3296 14566214 1474
3297 14567688 2827
3298 14570515 3348
3299 14573863 3635
3300 14577498 8890
3301 14586388 3749
3302 14590137 2840
3303 14592977 2217
3304 14595194 3583
3305 14598777 3510
3306 14602287 2080
3307 14604367 1615
3308 14605982 1809
3309 14607791 6375
3310 14614166 3214
3311 14617380 2250
3312 14619630 7387
3313 14627017 12481
3314 14639498 3830
3315 14643328 2183
3316 14645511 5482
3317 14650993 5852
3318 14656845 7936
3319 14664781 10151
3320 14674932 3593
3321 14678525 3397
3322 14681922 2193
3323 14684115 245
3324 14684360 3792
3325 14688152 1474
3326 14689626 5688
3327 14695314 1035
3328 14696349 959
3329 14697308 1620
3330 14698928 3287
3331 14702215 1840
3332 14704055 4040
3333 14708095 4030
3334 14712125 1400
3335 14713525 4935
3336 14718460 2617
3337 14721077 1768
3338 14722845 1991
3339 14724836 1500
3340 14726336 9594
3341 14735930 2189
3342 14738119 1612
3343 14739731 2438
3344 14742169 2902
3345 14745071 2584
3346 14747655 13315
3347 14760970 2485
3348 14763455 3070
3349 14766525 4716
3350 14771241 7014
3351 14778255 3650
3352 14781905 3423
3353 14785328 2861
3354 14788189 3098
3355 14791287 5843
3356 14797130 4787
3357 14801917 13659
3358 14815576 3839
3359 14819415 2978
3360 14822393 1596
3361 14823989 8093
3362 14832082 3144
3363 14835226 4016
3364 14839242 3483
3365 14842725 3775
3366 14846500 3490
3367 14849990 3102
3368 14853092 3817
3369 14856909 4073
3370 14860982 3279
3371 14864261 3419
3372 14867680 3465
3373 14871145 3527
3374 14874672 4685
3375 14879357 1522
3376 14880879 3425
3377 14884304 2634
3378 14886938 2737
3379 14889675 3583
3380 14893258 3481
3381 14896739 8938
3382 14905677 3806
3383 14909483 3081
3384 14912564 4316
3385 14916880 3172
3386 14920052 4009
3387 14924061 4171
3388 14928232 3555
3389 14931787 3655
3390 14935442 6288
3391 14941730 1278
3392 14943008 7595
3393 14950603 1487
3394 14952090 2311
3395 14954401 2105
3396 14956506 1472
3397 14957978 986
3398 14958964 1717
3399 14960681 2637
3400 14963318 1924
3401 14965242 17055
3402 14982297 1561
3403 14983858 4862
3404 14988720 2123
3405 14990843 2834
3406 14993677 1095
3407 14994772 548
3408 14995320 4048
3409 14999368 2050
3410 15001418 1227
3411 15002645 4667
3412 15007312 868
3413 15008180 2132
3414 15010312 1910
3415 15012222 4191
3416 15016413 4704
3417 15021117 9234
3418 15030351 4145
3419 15034496 2721
3420 15037217 859
3421 15038076 3761
3422 15041837 5769
3423 15047606 5219
3424 15052825 1615
3425 15054440 766
3426 15055206 795
3427 15056001 2499
3428 15058500 5814
3429 15064314 3635
3430 15067949 3605
3431 15071554 3563
3432 15075117 3658
3433 15078775 3712
3434 15082487 3740
3435 15086227 3944
3436 15090171 824
3437 15090995 3686
3438 15094681 3710
3439 15098391 3728
3440 15102119 3647
3441 15105766 3686
3442 15109452 3704
3443 15113156 3694
3444 15116850 3741
3445 15120591 3586
3446 15124177 637
3447 15124814 5828
3448 15130642 587
3449 15131229 2819
3450 15134048 2870
3451 15136918 7163
3452 15144081 1257
3453 15145338 1404
3454 15146742 3706
3455 15150448 2406
3456 15152854 2222
3457 15155076 3796
3458 15158872 4050
3459 15162922 924
3460 15163846 2957
3461 15166803 1159
3462 15167962 1803
3463 15169765 2022
3464 15171787 3146
3465 15174933 5891
3466 15180824 8632
3467 15189456 3986
3468 15193442 4017
3469 15197459 4647
3470 15202106 3917
3471 15206023 1165
3472 15207188 4224
3473 15211412 2728
3474 15214140 1724
3475 15215864 1086
3476 15216950 4060
3477 15221010 3896
3478 15224906 2910
3479 15227816 3894
3480 15231710 911
3481 15232621 1055
3482 15233676 4335
3483 15238011 5479
3484 15243490 3035
3485 15246525 2761
3486 15249286 3760
3487 15253046 2142
3488 15255188 4026
3489 15259214 13157
3490 15272371 2533
3491 15274904 1937
3492 15276841 3641
3493 15280482 3884
3494 15284366 901
3495 15285267 1915
3496 15287182 5457
3497 15292639 6895
3498 15299534 2527
3499 15302061 4601
3500 15306662 6995
3501 15313657 1522
3502 15315179 2473
3503 15317652 2680
3504 15320332 815
3505 15321147 5380
3506 15326527 288
3507 15326815 857
3508 15327672 3596
3509 15331268 2977
3510 15334245 1355
3511 15335600 519
3512 15336119 1368
3513 15337487 2310
3514 15339797 4505
3515 15344302 1551
3516 15345853 11571
3517 15357424 2066
3518 15359490 829
3519 15360319 931
3520 15361250 1072
3521 15362322 1837
3522 15364159 728
3523 15364887 11584
3524 15376471 1795
3525 15378266 2032
3526 15380298 3758
3527 15384056 962
3528 15385018 2222
3529 15387240 1241
3530 15388481 4775
3531 15393256 217
3532 15393473 7068
3533 15400541 1055
3534 15401596 1794
3535 15403390 2579
3536 15405969 1497
3537 15407466 1258
3538 15408724 1302
3539 15410026 2202
3540 15412228 1506
3541 15413734 1094
3542 15414828 2680
3543 15417508 1022
3544 15418530 342
3545 15418872 4590
3546 15423462 1297
3547 15424759 906
3548 15425665 3931
3549 15429596 1353
3550 15430949 3141
3551 15434090 2636
3552 15436726 549
3553 15437275 1251
3554 15438526 2511
3555 15441037 1210
3556 15442247 1348
3557 15443595 7428
3558 15451023 7022
3559 15458045 1594
3560 15459639 2326
3561 15461965 3085
3562 15465050 2907
3563 15467957 2970
3564 15470927 3022
3565 15473949 2440
3566 15476389 2483
3567 15478872 2552
3568 15481424 868
3569 15482292 1610
3570 15483902 5844
3571 15489746 2580
3572 15492326 1302
3573 15493628 2059
3574 15495687 1885
3575 15497572 2906
3576 15500478 5817
3577 15506295 1197
3578 15507492 2836
3579 15510328 1846
3580 15512174 1239
3581 15513413 1123
3582 15514536 1780
3583 15516316 5994
3584 15522310 1816
3585 15524126 3442
3586 15527568 1597
3587 15529165 627
3588 15529792 2718
3589 15532510 2138
3590 15534648 1653
3591 15536301 3008
3592 15539309 1320
3593 15540629 6459
3594 15547088 2704
3595 15549792 456
3596 15550248 533
3597 15550781 1499
3598 15552280 1298
3599 15553578 2808
3600 15556386 3188
3601 15559574 1388
3602 15560962 1546
3603 15562508 1148
3604 15563656 1463
3605 15565119 2362
3606 15567481 603
3607 15568084 5115
3608 15573199 9685
3609 15582884 1667
3610 15584551 635
3611 15585186 620
3612 15585806 2935
3613 15588741 3586
3614 15592327 8422
3615 15600749 4395
3616 15605144 4499
3617 15609643 4168
3618 15613811 1546
3619 15615357 4510
3620 15619867 1376
3621 15621243 1194
3622 15622437 1492
3623 15623929 7434
3624 15631363 2204
3625 15633567 18051
3626 15651618 8904
3627 15660522 5701
3628 15666223 4049
3629 15670272 20237
3630 15690509 2078
3631 15692587 16386
3632 15708973 4485
3633 15713458 1178
3634 15714636 1952
3635 15716588 1378
3636 15717966 8177
3637 15726143 5197
3638 15731340 6869
3639 15738209 1942
3640 15740151 8230
3641 15748381 7587
3642 15755968 8531
3643 15764499 5003
3644 15769502 1793
3645 15771295 1936
3646 15773231 533
3647 15773764 493
3648 15774257 616
3649 15774873 2588
3650 15777461 2530
3651 15779991 1933
3652 15781924 5785
3653 15787709 2048
3654 15789757 3836
3655 15793593 6770
3656 15800363 2399
3657 15802762 1589
3658 15804351 3024
3659 15807375 1791
3660 15809166 8322
3661 15817488 1711
3662 15819199 3766
3663 15822965 2334
3664 15825299 1959
3665 15827258 2429
3666 15829687 3356
3667 15833043 2382
3668 15835425 2437
3669 15837862 11618
3670 15849480 5026
3671 15854506 4489
3672 15858995 8924
3673 15867919 2231
3674 15870150 5390
3675 15875540 2951
3676 15878491 3136
3677 15881627 1707
3678 15883334 8117
3679 15891451 3715
3680 15895166 14179
3681 15909345 3302
3682 15912647 3902
3683 15916549 4338
3684 15920887 4104
3685 15924991 943
3686 15925934 8023
3687 15933957 6291
3688 15940248 807
3689 15941055 5707
3690 15946762 15593
3691 15962355 829
3692 15963184 6090
3693 15969274 578
3694 15969852 5274
3695 15975126 8087
3696 15983213 1353
3697 15984566 4376
3698 15988942 620
3699 15989562 5495
3700 15995057 15117
3701 16010174 7543
3702 16017717 5107
3703 16022824 1383
3704 16024207 1578
3705 16025785 2166
3706 16027951 1360
3707 16029311 737
3708 16030048 6397
3709 16036445 2158
3710 16038603 8281
3711 16046884 4243
3712 16051127 1902
3713 16053029 5263
3714 16058292 9142
3715 16067434 4718
3716 16072152 9521
3717 16081673 3798
3718 16085471 1087
3719 16086558 1433
3720 16087991 9105
3721 16097096 322
3722 16097418 1754
3723 16099172 688
3724 16099860 1481
3725 16101341 12579
3726 16113920 8059
3727 16121979 1932
3728 16123911 7001
3729 16130912 4583
3730 16135495 3545
3731 16139040 6473
3732 16145513 9659
3733 16155172 1613
3734 16156785 2768
3735 16159553 4580
3736 16164133 8734
3737 16172867 1606
3738 16174473 4830
3739 16179303 2692
3740 16181995 2760
3741 16184755 10455
3742 16195210 1407
3743 16196617 7177
3744 16203794 1569
3745 16205363 1049
3746 16206412 1049
3747 16207461 1047
3748 16208508 1049
3749 16209557 1049
3750 16210606 1049
3751 16211655 1049
3752 16212704 1049
3753 16213753 1049
3754 16214802 1135
3755 16215937 8731
3756 16224668 3186
3757 16227854 7711
3758 16235565 19094
3759 16254659 2217
3760 16256876 3805
3761 16260681 1655
3762 16262336 4273
3763 16266609 8874
3764 16275483 3164
3765 16278647 13391
3766 16292038 3765
3767 16295803 205
3768 16296008 6395
3769 16302403 8095
3770 16310498 5788
3771 16316286 2187
3772 16318473 4995
3773 16323468 1222
3774 16324690 3884
3775 16328574 6385
3776 16334959 1673
3777 16336632 3460
3778 16340092 2826
3779 16342918 6301
3780 16349219 1809
3781 16351028 6775
3782 16357803 3682
3783 16361485 8583
3784 16370068 5205
3785 16375273 1466
3786 16376739 2481
3787 16379220 2377
3788 16381597 1835
3789 16383432 3518
3790 16386950 3942
3791 16390892 452
3792 16391344 5087
3793 16396431 2477
3794 16398908 2099
3795 16401007 2447
3796 16403454 2671
3797 16406125 8013
3798 16414138 5245
3799 16419383 5963
3800 16425346 4575
3801 16429921 2511
3802 16432432 2499
3803 16434931 7430
3804 16442361 5561
3805 16447922 1335
3806 16449257 2019
3807 16451276 4770
3808 16456046 6800
3809 16462846 8201
3810 16471047 3721
3811 16474768 1259
3812 16476027 8871
3813 16484898 6031
3814 16490929 2075
3815 16493004 4470
3816 16497474 1957
3817 16499431 2461
3818 16501892 2415
3819 16504307 1283
3820 16505590 2936
3821 16508526 2170
3822 16510696 3027
3823 16513723 2609
3824 16516332 1527
3825 16517859 3422
3826 16521281 1669
3827 16522950 6387
3828 16529337 2481
3829 16531818 2168
